PDFname: CT14nlo
 DATA SET: 601; Expt Name: postLHC; Expt Npt: 30;
!METADATA
{post_LHC_fix_target_pseudo-data,115,ptl>1.2GeV,dXsec/dy}
!DATA
ipt   x            Q       ShiftedData   UnCorErr     r_1           r_2          r_3          r_4            r_5           r_6          r_7           r_8           r_9           r_10         r_11         r_12         r_13          r_14         r_15         r_16         r_17         r_18          r_19           r_20          r_21          r_22          r_23          r_24         r_25          r_26          r_27          r_28           r_29         r_30         r_31          r_32         r_33         r_34         r_35         r_36          r_37          r_38         r_39          r_40          r_41           r_42         r_43          r_44         r_45          r_46         r_47         r_48         r_49          r_50          r_51          r_52         r_53         r_54          r_55         r_56         r_57
1 0.00305536953918 4.5 36.39053 0.18089 0.949582619271 0.473049919841 4.24274420919 4.54845486207 3.077395102 -3.28779921499 2.30454972635 1.83465089281 8.50389739621 -0.762507601305 3.23550223893 4.91939852949 -1.87202167063 -0.216319310078 0.500138205539 5.82105146774 -6.18569296257 9.22311902261 -8.49317264636 1.35093150533 0.374647575875 3.60478743988 -4.31107302781 -0.267731770689 1.9468737907 9.55536513903 -5.87003151086 0.560395820665 1.48305600088 -2.1572779037 2.11437890431 1.67820222235 0.254132345624 -0.350655094256 4.12499308972 -7.46824036707 9.6305489524 1.95184919012 -0.865332522527 -1.74266128586 1.73016750511 5.09574879761 -3.59295704572 3.08568743435 -0.641439548897 2.43888551053 3.4627121455 0.0717010337774 1.58422245564 2.15473492178 2.7512300293 -1.00740781691 0.982199126541 5.94598927525 0.67427718503 -10.0438387971 10.0910498093 
1 0.501147539322 4.5 36.39053 0.18089 0.949582619271 0.473049919841 4.24274420919 4.54845486207 3.077395102 -3.28779921499 2.30454972635 1.83465089281 8.50389739621 -0.762507601305 3.23550223893 4.91939852949 -1.87202167063 -0.216319310078 0.500138205539 5.82105146774 -6.18569296257 9.22311902261 -8.49317264636 1.35093150533 0.374647575875 3.60478743988 -4.31107302781 -0.267731770689 1.9468737907 9.55536513903 -5.87003151086 0.560395820665 1.48305600088 -2.1572779037 2.11437890431 1.67820222235 0.254132345624 -0.350655094256 4.12499308972 -7.46824036707 9.6305489524 1.95184919012 -0.865332522527 -1.74266128586 1.73016750511 5.09574879761 -3.59295704572 3.08568743435 -0.641439548897 2.43888551053 3.4627121455 0.0717010337774 1.58422245564 2.15473492178 2.7512300293 -1.00740781691 0.982199126541 5.94598927525 0.67427718503 -10.0438387971 10.0910498093 
2 0.00503745274909 4.5 73.14258 0.37535 -1.07973891035 -0.70568802451 0.499587052085 -0.252777407753 1.50478220328 -3.1053150393 -5.42794724923 -0.551698414813 5.65584121487 -2.25757293193 0.468948980951 0.560330358332 -2.28634607699 -1.31951511922 -2.55382975889 3.32468362861 -7.88485413614 7.21198881044 -10.7216731051 1.02789396563 -3.82011455974 0.029892100706 -4.39238044492 -0.754708938324 -1.7838817104 6.92265885174 -7.69250033302 -0.81864926069 -1.75324363927 -3.75164513121 -0.212814706274 -1.04457173305 -1.18470760623 -0.905235113894 -1.57740775276 -6.78774477155 4.82861329426 -0.0652191288131 -3.31924870121 -4.45738643932 -0.0279206074331 2.18707872652 -4.58766484614 0.309897429066 -2.43953643266 -0.265831890236 0.461222858665 -1.12076728387 -1.95492207273 -1.17191954176 1.03162381777 -3.58060476888 -1.4404688957 2.43458105768 -2.85967763421 -8.78747835354 5.87377114693 
2 0.303961347638 4.5 73.14258 0.37535 -1.07973891035 -0.70568802451 0.499587052085 -0.252777407753 1.50478220328 -3.1053150393 -5.42794724923 -0.551698414813 5.65584121487 -2.25757293193 0.468948980951 0.560330358332 -2.28634607699 -1.31951511922 -2.55382975889 3.32468362861 -7.88485413614 7.21198881044 -10.7216731051 1.02789396563 -3.82011455974 0.029892100706 -4.39238044492 -0.754708938324 -1.7838817104 6.92265885174 -7.69250033302 -0.81864926069 -1.75324363927 -3.75164513121 -0.212814706274 -1.04457173305 -1.18470760623 -0.905235113894 -1.57740775276 -6.78774477155 4.82861329426 -0.0652191288131 -3.31924870121 -4.45738643932 -0.0279206074331 2.18707872652 -4.58766484614 0.309897429066 -2.43953643266 -0.265831890236 0.461222858665 -1.12076728387 -1.95492207273 -1.17191954176 1.03162381777 -3.58060476888 -1.4404688957 2.43458105768 -2.85967763421 -8.78747835354 5.87377114693 
3 0.00830535549757 4.5 85.59696 0.85223 1.38406298769 2.0518404656 2.07366555977 0.689766846978 2.79647512995 1.01104162022 2.22561984441 1.11758562829 4.75662673222 0.726846039215 2.47965924692 0.906609718034 1.90551846333 1.38711380731 0.280135644134 3.40734308813 -1.99213827253 6.20564870986 -4.10623892611 2.42920338406 0.163969820354 1.89824343194 0.106238926112 2.12001455006 0.507773723056 4.85613038734 -1.48581955575 1.73924879434 0.833155368856 0.288232050033 1.75837508654 1.06443096347 1.77961348462 2.43553970172 -0.903347687831 -0.232050033442 2.94397052439 1.43768700938 0.587799068327 -0.825199770015 2.10605118337 2.5605059667 0.313929338324 2.0311887636 1.16980157939 1.32492402286 1.75180409045 1.23926639522 0.525961301527 0.702791499947 2.40233270361 -0.198491017683 0.47703084848 2.43988125271 -0.139234713634 -1.37528601434 4.87032843247 
3 0.18436187671 4.5 85.59696 0.85223 1.38406298769 2.0518404656 2.07366555977 0.689766846978 2.79647512995 1.01104162022 2.22561984441 1.11758562829 4.75662673222 0.726846039215 2.47965924692 0.906609718034 1.90551846333 1.38711380731 0.280135644134 3.40734308813 -1.99213827253 6.20564870986 -4.10623892611 2.42920338406 0.163969820354 1.89824343194 0.106238926112 2.12001455006 0.507773723056 4.85613038734 -1.48581955575 1.73924879434 0.833155368856 0.288232050033 1.75837508654 1.06443096347 1.77961348462 2.43553970172 -0.903347687831 -0.232050033442 2.94397052439 1.43768700938 0.587799068327 -0.825199770015 2.10605118337 2.5605059667 0.313929338324 2.0311887636 1.16980157939 1.32492402286 1.75180409045 1.23926639522 0.525961301527 0.702791499947 2.40233270361 -0.198491017683 0.47703084848 2.43988125271 -0.139234713634 -1.37528601434 4.87032843247 
4 0.0136932162696 4.5 89.021 1.18384 -0.00295648060549 0.718002432761 0.632011082579 -1.23952561157 0.812778753886 0.493140964995 0.585214218138 -0.580821732667 2.06455264225 -0.539262062441 0.951733342344 -1.48981281254 1.28894107312 0.232970671712 -1.12304027571 1.25515272334 -2.45202054332 4.04987160427 -4.61565752129 0.429112042168 -0.49854710096 0.354270847412 -0.843103797811 0.785917015813 -0.885423705906 1.05825111502 -0.894799972969 0.180852142181 -0.30080078389 -0.692830112177 0.236856331937 -0.560802135424 0.7082882822 0.948945803487 -2.09927017164 -0.663011893499 0.843103797811 -0.412133396405 -0.128902554399 -1.88361602919 0.541035950804 0.30080078389 -0.0355622381403 -0.190566292742 -0.167928098392 -0.296746181916 -0.697644952021 -0.705754155967 1.29966887417 -1.11949249899 0.431308284903 -1.45078726855 -1.30186511691 0.39017096905 -1.33911677254 -1.24695904852 2.31019394513 
4 0.111821130707 4.5 89.021 1.18384 -0.00295648060549 0.718002432761 0.632011082579 -1.23952561157 0.812778753886 0.493140964995 0.585214218138 -0.580821732667 2.06455264225 -0.539262062441 0.951733342344 -1.48981281254 1.28894107312 0.232970671712 -1.12304027571 1.25515272334 -2.45202054332 4.04987160427 -4.61565752129 0.429112042168 -0.49854710096 0.354270847412 -0.843103797811 0.785917015813 -0.885423705906 1.05825111502 -0.894799972969 0.180852142181 -0.30080078389 -0.692830112177 0.236856331937 -0.560802135424 0.7082882822 0.948945803487 -2.09927017164 -0.663011893499 0.843103797811 -0.412133396405 -0.128902554399 -1.88361602919 0.541035950804 0.30080078389 -0.0355622381403 -0.190566292742 -0.167928098392 -0.296746181916 -0.697644952021 -0.705754155967 1.29966887417 -1.11949249899 0.431308284903 -1.45078726855 -1.30186511691 0.39017096905 -1.33911677254 -1.24695904852 2.31019394513 
5 0.0225762969279 4.5 88.60045 0.76414 -0.0480932813359 1.23910539953 -0.97737325621 -2.41506791949 0.734485827204 1.55802601618 0.566584657262 -1.14789174759 2.39910225875 -1.22876697987 1.66284973958 -4.04186405632 3.29972256393 0.501936817861 -2.10347580286 2.01291648127 -3.97080377941 7.10439186536 -7.98865391159 -0.194663281598 -0.0230978616484 -0.0312115580914 -0.392532781951 1.48919046248 -1.82041248986 -1.53237626613 1.14605962258 0.0903630224828 -0.357591540817 -0.899900541786 0.235493495956 -1.43108592666 1.72540372183 0.731606773628 -1.81452351663 -1.54690240008 1.80418509697 -0.492776192844 -0.610424791269 -3.21675347449 0.759873845107 -0.66879105923 1.23112256916 -0.353272960452 -0.766678880833 -1.5107833643 -3.15158217081 -2.32333080326 -1.55161357866 -2.65559975921 -0.0390635223912 -2.6676394378 -2.92204308111 0.480343916036 -1.93007825791 -1.13964718507 2.79654251839 
5 0.0678229441774 4.5 88.60045 0.76414 -0.0480932813359 1.23910539953 -0.97737325621 -2.41506791949 0.734485827204 1.55802601618 0.566584657262 -1.14789174759 2.39910225875 -1.22876697987 1.66284973958 -4.04186405632 3.29972256393 0.501936817861 -2.10347580286 2.01291648127 -3.97080377941 7.10439186536 -7.98865391159 -0.194663281598 -0.0230978616484 -0.0312115580914 -0.392532781951 1.48919046248 -1.82041248986 -1.53237626613 1.14605962258 0.0903630224828 -0.357591540817 -0.899900541786 0.235493495956 -1.43108592666 1.72540372183 0.731606773628 -1.81452351663 -1.54690240008 1.80418509697 -0.492776192844 -0.610424791269 -3.21675347449 0.759873845107 -0.66879105923 1.23112256916 -0.353272960452 -0.766678880833 -1.5107833643 -3.15158217081 -2.32333080326 -1.55161357866 -2.65559975921 -0.0390635223912 -2.6676394378 -2.92204308111 0.480343916036 -1.93007825791 -1.13964718507 2.79654251839 
6 0.0372220209587 4.5 86.19537 0.7041 1.28636557307 2.75462292288 2.46787388155 -1.39350944468 1.88159352365 3.27770203096 1.4602045164 0.0974719500071 3.63915636983 -0.260289731572 3.34473796336 -3.93618804147 5.61217156654 1.89963073427 -1.0233915637 3.60379207499 -3.04370117881 9.46503337594 -7.72158784264 0.614728021588 1.88031529612 0.814415565971 1.79268569805 3.16848459026 -0.894716659565 -2.06514699617 4.0669365147 1.42512427212 0.997202101974 0.580357903707 1.53831842068 -0.490938787104 3.59669081096 1.55152677177 0.714429768499 -0.921417412299 3.95544666951 1.21222837665 0.0247550063911 -2.24324669791 2.16550205937 -0.0250958670643 3.41276807272 1.05699474506 0.20058230365 0.640718647919 -3.1559011504 -1.79473086209 -0.335705155518 -1.87909387871 0.951327936373 -1.65852861809 -2.20745632723 1.98740235762 -0.564649907684 0.445717937793 3.9773185627 
6 0.0411366950756 4.5 86.19537 0.7041 1.28636557307 2.75462292288 2.46787388155 -1.39350944468 1.88159352365 3.27770203096 1.4602045164 0.0974719500071 3.63915636983 -0.260289731572 3.34473796336 -3.93618804147 5.61217156654 1.89963073427 -1.0233915637 3.60379207499 -3.04370117881 9.46503337594 -7.72158784264 0.614728021588 1.88031529612 0.814415565971 1.79268569805 3.16848459026 -0.894716659565 -2.06514699617 4.0669365147 1.42512427212 0.997202101974 0.580357903707 1.53831842068 -0.490938787104 3.59669081096 1.55152677177 0.714429768499 -0.921417412299 3.95544666951 1.21222837665 0.0247550063911 -2.24324669791 2.16550205937 -0.0250958670643 3.41276807272 1.05699474506 0.20058230365 0.640718647919 -3.1559011504 -1.79473086209 -0.335705155518 -1.87909387871 0.951327936373 -1.65852861809 -2.20745632723 1.98740235762 -0.564649907684 0.445717937793 3.9773185627 
7 0.00373434054788 5.5 10.72735 0.06978 -0.634135855546 -1.21309830897 1.9826597879 1.07552307251 1.11134995701 -5.00358268845 0.604041272571 -1.06119231872 5.17411865864 -1.98839208942 0.495127543709 0.906420177701 -2.26497563772 -2.50573230152 -0.116795643451 2.46990541702 -5.58684436801 5.38907996561 -7.61177987962 -2.70063055317 1.06405846948 1.92963599885 -5.59830897105 -2.13313270278 0.624104327888 5.5381198051 -5.79893952422 -0.60690742333 -0.91501862998 -2.6203783319 0.0293780452852 -0.331756950416 -1.00673545428 -0.817569504156 -0.379048437948 -5.99527085125 4.73416451705 -0.343221553454 -1.51404413872 -2.78661507595 -0.00931498996848 1.97836056177 -3.74964173116 0.449269131556 -1.77343078246 -0.126827171109 0.647033533964 -1.51977644024 0.324591573517 -0.346087704213 1.34207509315 -2.07007738607 -0.605474347951 2.20048724563 -1.61435941531 -7.6347090857 5.24147320149 
7 0.612513659171 5.5 10.72735 0.06978 -0.634135855546 -1.21309830897 1.9826597879 1.07552307251 1.11134995701 -5.00358268845 0.604041272571 -1.06119231872 5.17411865864 -1.98839208942 0.495127543709 0.906420177701 -2.26497563772 -2.50573230152 -0.116795643451 2.46990541702 -5.58684436801 5.38907996561 -7.61177987962 -2.70063055317 1.06405846948 1.92963599885 -5.59830897105 -2.13313270278 0.624104327888 5.5381198051 -5.79893952422 -0.60690742333 -0.91501862998 -2.6203783319 0.0293780452852 -0.331756950416 -1.00673545428 -0.817569504156 -0.379048437948 -5.99527085125 4.73416451705 -0.343221553454 -1.51404413872 -2.78661507595 -0.00931498996848 1.97836056177 -3.74964173116 0.449269131556 -1.77343078246 -0.126827171109 0.647033533964 -1.51977644024 0.324591573517 -0.346087704213 1.34207509315 -2.07007738607 -0.605474347951 2.20048724563 -1.61435941531 -7.6347090857 5.24147320149 
8 0.00615688669333 5.5 33.66494 0.14388 1.19307756464 1.30219627467 3.08284681679 1.09924937448 4.55699193773 -1.42090631081 1.55448985265 0.718376424798 9.55212677231 -0.521545732555 2.50389213233 3.16068946344 -0.443703085905 -0.314428690575 0.446622185154 5.67737003058 -6.27773144287 10.9407839867 -10.1858493189 2.29051987768 -0.72449263275 2.85696413678 -3.37044759522 1.37447873228 0.597442313039 9.52224075619 -5.63969974979 2.14595496247 -0.374200722825 -1.16444259105 1.98748957465 0.948429246594 1.45649152071 2.29747011398 -1.31387267167 -4.54990269669 7.07714762302 2.40658882402 -1.08938003892 -2.76508201279 2.62343619683 4.62023908813 -2.68306922435 2.21615234918 0.00111203780929 1.73172087851 2.05838198499 1.09368918543 0.620378092855 0.479288295802 4.18028912983 -0.932999721991 0.890742285238 4.60842368641 -1.66763969975 -6.61273283292 8.62149013066 
8 0.37150831378 5.5 33.66494 0.14388 1.19307756464 1.30219627467 3.08284681679 1.09924937448 4.55699193773 -1.42090631081 1.55448985265 0.718376424798 9.55212677231 -0.521545732555 2.50389213233 3.16068946344 -0.443703085905 -0.314428690575 0.446622185154 5.67737003058 -6.27773144287 10.9407839867 -10.1858493189 2.29051987768 -0.72449263275 2.85696413678 -3.37044759522 1.37447873228 0.597442313039 9.52224075619 -5.63969974979 2.14595496247 -0.374200722825 -1.16444259105 1.98748957465 0.948429246594 1.45649152071 2.29747011398 -1.31387267167 -4.54990269669 7.07714762302 2.40658882402 -1.08938003892 -2.76508201279 2.62343619683 4.62023908813 -2.68306922435 2.21615234918 0.00111203780929 1.73172087851 2.05838198499 1.09368918543 0.620378092855 0.479288295802 4.18028912983 -0.932999721991 0.890742285238 4.60842368641 -1.66763969975 -6.61273283292 8.62149013066 
9 0.0101509900526 5.5 47.92257 0.44178 -0.678550409706 -0.0897958259767 -0.190071981529 -1.69013988863 0.767418171941 -1.19962424736 -0.133935442981 -1.04751233646 2.65795192177 -1.5264837702 0.386459323645 -1.32027253384 -0.142537009371 -1.02329213636 -1.4515595998 1.35956811082 -4.13909638281 4.24924170402 -6.26956856354 -0.0205305808321 -1.56586988999 -0.484109737879 -1.61363121916 0.0854044999774 -1.54934582824 2.08934311196 -2.94596858165 -0.0300375752637 -1.61838471637 -1.40062927249 -0.429557698402 -1.17087690706 -0.05154149124 0.470437774458 -3.20876907058 -2.22728507402 1.02727601974 -0.116279596179 -2.01020870116 -2.98739191453 0.225066775318 0.166666666667 -1.43073475486 -0.741704015573 -0.726990809905 -0.841301100095 -0.541151704468 -0.810516546697 -1.31235003848 -1.49456743175 0.435352437865 -1.93075739056 -1.48324958124 0.0231563221513 -2.22864321608 -3.3545429852 2.67062791435 
9 0.225331182646 5.5 47.92257 0.44178 -0.678550409706 -0.0897958259767 -0.190071981529 -1.69013988863 0.767418171941 -1.19962424736 -0.133935442981 -1.04751233646 2.65795192177 -1.5264837702 0.386459323645 -1.32027253384 -0.142537009371 -1.02329213636 -1.4515595998 1.35956811082 -4.13909638281 4.24924170402 -6.26956856354 -0.0205305808321 -1.56586988999 -0.484109737879 -1.61363121916 0.0854044999774 -1.54934582824 2.08934311196 -2.94596858165 -0.0300375752637 -1.61838471637 -1.40062927249 -0.429557698402 -1.17087690706 -0.05154149124 0.470437774458 -3.20876907058 -2.22728507402 1.02727601974 -0.116279596179 -2.01020870116 -2.98739191453 0.225066775318 0.166666666667 -1.43073475486 -0.741704015573 -0.726990809905 -0.841301100095 -0.541151704468 -0.810516546697 -1.31235003848 -1.49456743175 0.435352437865 -1.93075739056 -1.48324958124 0.0231563221513 -2.22864321608 -3.3545429852 2.67062791435 
10 0.0167361532184 5.5 51.24116 0.62776 -0.454568624952 0.268956289028 0.0644195233847 -1.7359500446 0.316745252963 -0.13151522875 0.111889894227 -0.969892952721 1.41238689945 -1.19497897286 0.691410730215 -2.08289792277 0.923665094941 -0.397859054416 -1.49461577673 1.01255256786 -3.10112144769 3.64285714286 -5.09408054033 -0.142028800816 -0.836721039888 -0.346724863005 -0.887058748566 0.226583407672 -1.21728048936 0.181502485026 -0.95109596024 -0.17548107557 -0.881642665987 -1.0473110743 -0.243500700905 -1.10210908628 0.356569389576 0.505352363961 -2.57177902383 -1.05432012234 0.306072384351 -0.516216388429 -1.04093921244 -2.47492672359 0.240920096852 -0.431629922263 -0.194755957691 -0.747992863515 -0.446922390723 -0.757232063209 -1.15403976042 -1.22715687524 -1.22269657194 -1.58382184274 -0.0591945966611 -1.66649675035 -1.74789728559 -0.134382566586 -1.63336306869 -1.67382439149 2.00783739009 
10 0.136670270864 5.5 51.24116 0.62776 -0.454568624952 0.268956289028 0.0644195233847 -1.7359500446 0.316745252963 -0.13151522875 0.111889894227 -0.969892952721 1.41238689945 -1.19497897286 0.691410730215 -2.08289792277 0.923665094941 -0.397859054416 -1.49461577673 1.01255256786 -3.10112144769 3.64285714286 -5.09408054033 -0.142028800816 -0.836721039888 -0.346724863005 -0.887058748566 0.226583407672 -1.21728048936 0.181502485026 -0.95109596024 -0.17548107557 -0.881642665987 -1.0473110743 -0.243500700905 -1.10210908628 0.356569389576 0.505352363961 -2.57177902383 -1.05432012234 0.306072384351 -0.516216388429 -1.04093921244 -2.47492672359 0.240920096852 -0.431629922263 -0.194755957691 -0.747992863515 -0.446922390723 -0.757232063209 -1.15403976042 -1.22715687524 -1.22269657194 -1.58382184274 -0.0591945966611 -1.66649675035 -1.74789728559 -0.134382566586 -1.63336306869 -1.67382439149 2.00783739009 
11 0.0275932518008 5.5 51.29984 0.36578 0.60790639182 2.10033353382 1.88791076603 -2.08196183498 1.17628082454 2.5071354366 1.35781070589 -0.314779375581 2.12029088523 -0.788014653617 2.6758160643 -4.02930723386 4.5190004921 1.27360708623 -1.75635627973 3.29558751162 -4.30843676527 8.49762152113 -8.21980425392 0.785062059161 0.303078353108 0.681447864837 0.162009951337 1.59811908798 -0.624528405052 -1.76811197988 2.51260320411 0.516047897643 0.616108043086 -0.956148504566 1.13827984034 -0.933457269397 2.55689212095 1.42369730439 -1.19235606102 -0.500136694188 2.09595931981 -0.0744709934934 0.245666794248 -3.10088031057 1.64787577232 -0.433429930559 2.45929247088 0.358302804965 -0.291267975286 0.104598392476 -3.05003007272 -2.42123680901 -0.86483678714 -2.40620044836 0.515501120892 -2.04560118104 -2.58362950407 1.0784077861 -1.29241620646 -0.291267975286 3.75952758489 
11 0.0828947095502 5.5 51.29984 0.36578 0.60790639182 2.10033353382 1.88791076603 -2.08196183498 1.17628082454 2.5071354366 1.35781070589 -0.314779375581 2.12029088523 -0.788014653617 2.6758160643 -4.02930723386 4.5190004921 1.27360708623 -1.75635627973 3.29558751162 -4.30843676527 8.49762152113 -8.21980425392 0.785062059161 0.303078353108 0.681447864837 0.162009951337 1.59811908798 -0.624528405052 -1.76811197988 2.51260320411 0.516047897643 0.616108043086 -0.956148504566 1.13827984034 -0.933457269397 2.55689212095 1.42369730439 -1.19235606102 -0.500136694188 2.09595931981 -0.0744709934934 0.245666794248 -3.10088031057 1.64787577232 -0.433429930559 2.45929247088 0.358302804965 -0.291267975286 0.104598392476 -3.05003007272 -2.42123680901 -0.86483678714 -2.40620044836 0.515501120892 -2.04560118104 -2.58362950407 1.0784077861 -1.29241620646 -0.291267975286 3.75952758489 
12 0.0454935811718 5.5 51.19815 0.38826 0.363287487766 1.84245093494 1.71495904806 -2.1543553289 0.517823108226 2.65608097667 0.917040127749 -0.37693813424 0.93609952094 -1.06410652655 2.32563230825 -4.87469736774 4.72582805337 1.19984031319 -2.09846494617 3.00816463195 -4.41830216865 7.97107608304 -8.26340596507 0.324653582651 0.292458661722 0.226008344924 0.283444083861 1.19056817596 -0.771519085149 -3.60853551744 3.63557925102 0.0423685159429 0.727733992685 -1.37910163293 0.969324679339 -1.2590789677 2.47218358832 0.411708648844 0.165224334209 -1.03757791171 2.19659506516 -0.263096893834 0.0506104157008 -3.11865760058 1.25341266162 -1.14420748983 2.78434554165 0.46322052233 -1.11330036573 -0.0173852573018 -4.39563694432 -3.36539947458 -1.0241848246 -2.96334930201 -0.118606088703 -2.35911502601 -3.02902694071 1.11407304384 -1.2686086643 0.104697882862 2.53734610828 
12 0.0502781828702 5.5 51.19815 0.38826 0.363287487766 1.84245093494 1.71495904806 -2.1543553289 0.517823108226 2.65608097667 0.917040127749 -0.37693813424 0.93609952094 -1.06410652655 2.32563230825 -4.87469736774 4.72582805337 1.19984031319 -2.09846494617 3.00816463195 -4.41830216865 7.97107608304 -8.26340596507 0.324653582651 0.292458661722 0.226008344924 0.283444083861 1.19056817596 -0.771519085149 -3.60853551744 3.63557925102 0.0423685159429 0.727733992685 -1.37910163293 0.969324679339 -1.2590789677 2.47218358832 0.411708648844 0.165224334209 -1.03757791171 2.19659506516 -0.263096893834 0.0506104157008 -3.11865760058 1.25341266162 -1.14420748983 2.78434554165 0.46322052233 -1.11330036573 -0.0173852573018 -4.39563694432 -3.36539947458 -1.0241848246 -2.96334930201 -0.118606088703 -2.35911502601 -3.02902694071 1.11407304384 -1.2686086643 0.104697882862 2.53734610828 
13 0.00441331155659 6.5 2.62978 0.02573 1.38398756316 0.993004275165 3.19471434124 2.0823940925 2.60940536339 -2.38476486592 2.56198989506 0.86513797124 5.12125923047 0.515740380878 1.75204041974 0.879129420909 1.22969296541 -0.573260785076 2.33190827827 3.46521570152 -1.86941313642 5.38593082005 -3.24834823164 -1.58530897785 4.20054411193 3.49591916051 -2.49358725223 -0.00310921103769 2.68402642829 5.46910221531 -1.96502137583 1.75903614458 0.720948309367 0.333462883793 1.72716673144 1.44966964633 1.29615235134 1.75242907112 0.494364554994 -1.71239797901 4.51418577536 1.36844150797 1.03109211038 -0.155071900505 1.88146132919 2.66770307035 -0.211815001943 1.9424795958 0.701904391761 1.40186552662 2.0555771473 0.624951418578 2.3505635445 1.23979790128 3.0209871745 0.0318694131364 1.7776914108 2.79556937427 0.465604352895 -2.72522347454 4.81927710843 
13 0.72387977902 6.5 2.62978 0.02573 1.38398756316 0.993004275165 3.19471434124 2.0823940925 2.60940536339 -2.38476486592 2.56198989506 0.86513797124 5.12125923047 0.515740380878 1.75204041974 0.879129420909 1.22969296541 -0.573260785076 2.33190827827 3.46521570152 -1.86941313642 5.38593082005 -3.24834823164 -1.58530897785 4.20054411193 3.49591916051 -2.49358725223 -0.00310921103769 2.68402642829 5.46910221531 -1.96502137583 1.75903614458 0.720948309367 0.333462883793 1.72716673144 1.44966964633 1.29615235134 1.75242907112 0.494364554994 -1.71239797901 4.51418577536 1.36844150797 1.03109211038 -0.155071900505 1.88146132919 2.66770307035 -0.211815001943 1.9424795958 0.701904391761 1.40186552662 2.0555771473 0.624951418578 2.3505635445 1.23979790128 3.0209871745 0.0318694131364 1.7776914108 2.79556937427 0.465604352895 -2.72522347454 4.81927710843 
14 0.00727632063757 6.5 15.1827 0.07308 0.0451559934318 -0.109469074986 1.7337164751 -0.714285714286 2.86945812808 -2.83388067871 0.139573070608 -1.19321291735 7.55473453749 -1.45593869732 1.06458675424 1.34646962233 -1.38615216201 -1.91570881226 0.0533661740558 3.56185002737 -6.13163656267 8.72331691297 -9.99863163656 -0.480295566502 -0.217569786535 1.88834154351 -4.63601532567 -0.0930487137384 -0.225779967159 6.45730706076 -5.27777777778 1.23973727422 -1.8732895457 -1.53804050356 0.524083196497 -0.47619047619 0.636288998358 1.49698960044 -3.30459770115 -4.38560481664 4.48275862069 0.987958401751 -1.67624521073 -3.4236453202 1.37383689108 2.58483853311 -2.97619047619 0.48166392994 -0.703338806787 0.0807334428024 0.202517788725 -0.428297755884 -0.0561029009305 -1.11247947455 2.69020251779 -1.28489326765 -0.384510125889 1.95265462507 -2.7380952381 -6.08784893268 6.17268746579 
14 0.439055279922 6.5 15.1827 0.07308 0.0451559934318 -0.109469074986 1.7337164751 -0.714285714286 2.86945812808 -2.83388067871 0.139573070608 -1.19321291735 7.55473453749 -1.45593869732 1.06458675424 1.34646962233 -1.38615216201 -1.91570881226 0.0533661740558 3.56185002737 -6.13163656267 8.72331691297 -9.99863163656 -0.480295566502 -0.217569786535 1.88834154351 -4.63601532567 -0.0930487137384 -0.225779967159 6.45730706076 -5.27777777778 1.23973727422 -1.8732895457 -1.53804050356 0.524083196497 -0.47619047619 0.636288998358 1.49698960044 -3.30459770115 -4.38560481664 4.48275862069 0.987958401751 -1.67624521073 -3.4236453202 1.37383689108 2.58483853311 -2.97619047619 0.48166392994 -0.703338806787 0.0807334428024 0.202517788725 -0.428297755884 -0.0561029009305 -1.11247947455 2.69020251779 -1.28489326765 -0.384510125889 1.95265462507 -2.7380952381 -6.08784893268 6.17268746579 
15 0.0119966246076 6.5 26.00065 0.23137 1.33833254095 1.84877036781 1.69879413926 0.0633184941868 2.84025586723 0.702122142024 1.60975926006 0.933353503047 4.69831871029 0.355491204564 2.34667415827 0.536154211868 1.91100834162 0.765224532135 0.792453645676 3.44275403034 -2.31901283658 6.47599083719 -4.48653671608 1.61926783939 0.788563772313 1.34395124692 0.569002031378 2.08043393698 0.459653369063 3.47344080909 -0.401305268617 2.18243506073 0.124692051692 0.863767990664 1.53412283356 0.649392747547 2.21096079872 2.49016726455 -1.20521243031 -0.271210615032 3.07408047716 2.25202057311 -0.624756882915 -1.07857544193 2.37995418594 1.88205039547 1.54017374768 1.19959372434 1.37161256861 1.12352508968 1.13735575053 1.09456714354 0.697367852358 0.320050136146 2.55413407097 0.353330163807 0.569866447681 1.83148204175 -0.235769546614 -1.27955223236 4.59026667243 
15 0.266300488581 6.5 26.00065 0.23137 1.33833254095 1.84877036781 1.69879413926 0.0633184941868 2.84025586723 0.702122142024 1.60975926006 0.933353503047 4.69831871029 0.355491204564 2.34667415827 0.536154211868 1.91100834162 0.765224532135 0.792453645676 3.44275403034 -2.31901283658 6.47599083719 -4.48653671608 1.61926783939 0.788563772313 1.34395124692 0.569002031378 2.08043393698 0.459653369063 3.47344080909 -0.401305268617 2.18243506073 0.124692051692 0.863767990664 1.53412283356 0.649392747547 2.21096079872 2.49016726455 -1.20521243031 -0.271210615032 3.07408047716 2.25202057311 -0.624756882915 -1.07857544193 2.37995418594 1.88205039547 1.54017374768 1.19959372434 1.37161256861 1.12352508968 1.13735575053 1.09456714354 0.697367852358 0.320050136146 2.55413407097 0.353330163807 0.569866447681 1.83148204175 -0.235769546614 -1.27955223236 4.59026667243 
16 0.0197790901672 6.5 30.50979 0.34144 -1.40431701031 -0.685889175258 -0.996631911903 -2.83150773196 -0.653086925961 -1.22917642924 -0.887095829428 -1.80409442362 0.222615979381 -2.31838683224 -0.138208762887 -3.29601101218 0.12069470478 -1.43214034677 -2.36143978444 0.30139995314 -4.34539011246 2.87022610122 -6.21570407685 -1.24323453608 -1.62280342081 -1.55924906279 -1.43448336457 -0.797768275539 -2.09755740394 -1.29302366448 -1.50770267104 -1.05315721649 -1.91509489222 -1.99622188379 -1.20428186504 -2.16638355201 -0.441043814433 -0.525099578257 -3.35400070291 -2.09931466729 -0.563173617619 -1.09972469541 -2.42587277413 -3.60880388941 -0.548822633552 -1.67317830366 -0.838185332709 -1.73204662605 -1.32113987816 -1.67434981256 -2.20445759138 -2.29056349578 -2.09169985942 -2.58080482662 -0.979352155576 -2.43553772259 -2.51344306467 -1.25465674789 -2.50963566073 -1.18348758201 1.13112113402 
16 0.161519411021 6.5 30.50979 0.34144 -1.40431701031 -0.685889175258 -0.996631911903 -2.83150773196 -0.653086925961 -1.22917642924 -0.887095829428 -1.80409442362 0.222615979381 -2.31838683224 -0.138208762887 -3.29601101218 0.12069470478 -1.43214034677 -2.36143978444 0.30139995314 -4.34539011246 2.87022610122 -6.21570407685 -1.24323453608 -1.62280342081 -1.55924906279 -1.43448336457 -0.797768275539 -2.09755740394 -1.29302366448 -1.50770267104 -1.05315721649 -1.91509489222 -1.99622188379 -1.20428186504 -2.16638355201 -0.441043814433 -0.525099578257 -3.35400070291 -2.09931466729 -0.563173617619 -1.09972469541 -2.42587277413 -3.60880388941 -0.548822633552 -1.67317830366 -0.838185332709 -1.73204662605 -1.32113987816 -1.67434981256 -2.20445759138 -2.29056349578 -2.09169985942 -2.58080482662 -0.979352155576 -2.43553772259 -2.51344306467 -1.25465674789 -2.50963566073 -1.18348758201 1.13112113402 
17 0.0326102066737 6.5 30.29255 0.20726 1.39317765126 2.89177844254 2.69878413587 -1.26194152273 1.7994306668 3.36702692271 2.10822155746 0.781385699122 1.8500916723 0.0615169352504 3.48089356364 -3.51177265271 5.45233040625 2.25586220207 -1.08052687446 4.41836340828 -3.88473415034 9.10909003184 -7.2191932838 1.76131429123 0.922754028756 1.44962848596 0.927578886423 1.7849560938 0.835906590756 -1.33576184503 3.62805172247 1.12298562192 1.71354820033 -0.661729228988 2.16515487793 -0.0904660812506 3.29272411464 2.15454019106 -0.272845701052 0.775113384155 2.33016501013 0.607208337354 1.26917880923 -2.4218373058 2.6346135289 0.0378751326836 3.65217601081 1.17075171282 0.56137218952 1.13070539419 -2.19941136736 -1.9268069092 -0.0677892502171 -1.58327704333 1.30295281289 -1.05302518576 -1.75407700473 1.82162501206 -0.311927048152 0.800685129789 4.54043230725 
17 0.0979664749229 6.5 30.29255 0.20726 1.39317765126 2.89177844254 2.69878413587 -1.26194152273 1.7994306668 3.36702692271 2.10822155746 0.781385699122 1.8500916723 0.0615169352504 3.48089356364 -3.51177265271 5.45233040625 2.25586220207 -1.08052687446 4.41836340828 -3.88473415034 9.10909003184 -7.2191932838 1.76131429123 0.922754028756 1.44962848596 0.927578886423 1.7849560938 0.835906590756 -1.33576184503 3.62805172247 1.12298562192 1.71354820033 -0.661729228988 2.16515487793 -0.0904660812506 3.29272411464 2.15454019106 -0.272845701052 0.775113384155 2.33016501013 0.607208337354 1.26917880923 -2.4218373058 2.6346135289 0.0378751326836 3.65217601081 1.17075171282 0.56137218952 1.13070539419 -2.19941136736 -1.9268069092 -0.0677892502171 -1.58327704333 1.30295281289 -1.05302518576 -1.75407700473 1.82162501206 -0.311927048152 0.800685129789 4.54043230725 
18 0.0537651413848 6.5 30.48408 0.24536 -0.551760678187 0.772416041735 0.797685034235 -2.84960873818 -0.590886860124 1.84390283665 -0.127078578415 -0.955656993805 -1.2853765895 -1.57474731007 0.980681447669 -5.35735246169 3.41628627323 0.536028692533 -2.98451255298 2.12471470492 -5.11403651777 6.09439191392 -8.08803390936 -0.12585588523 -1.0824095207 -0.334121291164 -1.89835343984 -0.608819693512 -0.702151940007 -4.17500815129 2.44669057711 -1.16922073688 0.236061297685 -2.84268014346 0.264998369742 -1.86289533746 1.0797195957 -0.43071405282 -0.753912618194 -1.04776654711 0.332246494946 -1.68723508314 0.0587707857842 -3.72098141506 0.31757417672 -2.05689598957 1.5773557222 -0.409928268666 -1.88164329964 -0.630420606456 -4.79246820998 -4.21331920443 -1.61672644278 -3.55795565699 -0.9560645582 -2.83575154874 -3.48907727421 0.0131235735246 -1.93666449299 -0.332898597978 1.20524942941 
18 0.0594196706647 6.5 30.48408 0.24536 -0.551760678187 0.772416041735 0.797685034235 -2.84960873818 -0.590886860124 1.84390283665 -0.127078578415 -0.955656993805 -1.2853765895 -1.57474731007 0.980681447669 -5.35735246169 3.41628627323 0.536028692533 -2.98451255298 2.12471470492 -5.11403651777 6.09439191392 -8.08803390936 -0.12585588523 -1.0824095207 -0.334121291164 -1.89835343984 -0.608819693512 -0.702151940007 -4.17500815129 2.44669057711 -1.16922073688 0.236061297685 -2.84268014346 0.264998369742 -1.86289533746 1.0797195957 -0.43071405282 -0.753912618194 -1.04776654711 0.332246494946 -1.68723508314 0.0587707857842 -3.72098141506 0.31757417672 -2.05689598957 1.5773557222 -0.409928268666 -1.88164329964 -0.630420606456 -4.79246820998 -4.21331920443 -1.61672644278 -3.55795565699 -0.9560645582 -2.83575154874 -3.48907727421 0.0131235735246 -1.93666449299 -0.332898597978 1.20524942941 
19 0.00509228256529 7.5 0.58462 0.00868 0.423963133641 0.216705069124 1.57983870968 0.621889400922 1.24055299539 -2.58951612903 1.44251152074 0.241244239631 2.51186635945 -0.033064516129 0.317626728111 -1.39758064516 1.26370967742 -1.3185483871 1.45944700461 2.28778801843 -1.78640552995 3.02592165899 -2.55011520737 -2.65714285714 3.54493087558 1.99850230415 -2.45161290323 -0.792165898618 1.62580645161 3.03156682028 -1.67004608295 0.945737327189 -0.351958525346 -0.0741935483871 0.588709677419 0.350921658986 0.512557603687 0.895046082949 -0.647695852535 -1.34873271889 2.19758064516 0.301843317972 0.311405529954 -0.645046082949 0.806566820276 0.796774193548 -0.125115207373 0.779032258065 -0.0442396313364 0.260253456221 0.768548387097 -0.176728110599 1.22730414747 0.127534562212 1.68951612903 -1.04562211982 1.20034562212 1.01463133641 -0.295967741935 -1.99746543779 2.27246543779 
19 0.835245898869 7.5 0.58462 0.00868 0.423963133641 0.216705069124 1.57983870968 0.621889400922 1.24055299539 -2.58951612903 1.44251152074 0.241244239631 2.51186635945 -0.033064516129 0.317626728111 -1.39758064516 1.26370967742 -1.3185483871 1.45944700461 2.28778801843 -1.78640552995 3.02592165899 -2.55011520737 -2.65714285714 3.54493087558 1.99850230415 -2.45161290323 -0.792165898618 1.62580645161 3.03156682028 -1.67004608295 0.945737327189 -0.351958525346 -0.0741935483871 0.588709677419 0.350921658986 0.512557603687 0.895046082949 -0.647695852535 -1.34873271889 2.19758064516 0.301843317972 0.311405529954 -0.645046082949 0.806566820276 0.796774193548 -0.125115207373 0.779032258065 -0.0442396313364 0.260253456221 0.768548387097 -0.176728110599 1.22730414747 0.127534562212 1.68951612903 -1.04562211982 1.20034562212 1.01463133641 -0.295967741935 -1.99746543779 2.27246543779 
20 0.00839575458181 7.5 6.75724 0.04096 -1.08715820312 -1.26220703125 0.36376953125 -2.00170898438 1.06591796875 -3.89428710938 -0.884765625 -2.41259765625 4.748046875 -2.38818359375 -0.345947265625 -0.548095703125 -1.9052734375 -3.07836914063 -0.533203125 1.40209960937 -5.71899414063 5.87109375 -8.99633789063 -2.75439453125 0.09521484375 0.705810546875 -5.14794921875 -1.4365234375 -0.994140625 3.48901367187 -4.7978515625 0.101318359375 -2.88061523438 -1.99169921875 -0.798095703125 -1.66796875 -0.349609375 0.37109375 -4.31713867188 -4.19921875 2.09448242187 -0.377685546875 -2.2900390625 -3.80493164063 0.039794921875 0.51416015625 -3.01904296875 -0.96923828125 -1.40991210938 -1.30322265625 -1.25048828125 -1.6669921875 -0.79248046875 -2.31201171875 1.35424804687 -1.81811523438 -1.58618164063 0.00561523437498 -3.29467773438 -5.4658203125 4.40698242187 
20 0.506602246063 7.5 6.75724 0.04096 -1.08715820312 -1.26220703125 0.36376953125 -2.00170898438 1.06591796875 -3.89428710938 -0.884765625 -2.41259765625 4.748046875 -2.38818359375 -0.345947265625 -0.548095703125 -1.9052734375 -3.07836914063 -0.533203125 1.40209960937 -5.71899414063 5.87109375 -8.99633789063 -2.75439453125 0.09521484375 0.705810546875 -5.14794921875 -1.4365234375 -0.994140625 3.48901367187 -4.7978515625 0.101318359375 -2.88061523438 -1.99169921875 -0.798095703125 -1.66796875 -0.349609375 0.37109375 -4.31713867188 -4.19921875 2.09448242187 -0.377685546875 -2.2900390625 -3.80493164063 0.039794921875 0.51416015625 -3.01904296875 -0.96923828125 -1.40991210938 -1.30322265625 -1.25048828125 -1.6669921875 -0.79248046875 -2.31201171875 1.35424804687 -1.81811523438 -1.58618164063 0.00561523437498 -3.29467773438 -5.4658203125 4.40698242187 
21 0.0138422591626 7.5 14.72482 0.1342 0.4 0.803874813711 0.644411326379 -0.980029806259 1.77108792846 -0.291505216095 0.444709388972 0.0251862891207 3.39627421759 -0.609687034277 1.2695976155 -0.497913561848 0.977496274218 -0.325037257824 0.0490312965723 2.39776453055 -3.04485842027 5.47228017884 -5.21698956781 0.256184798808 0.239791356185 0.324739195231 -0.263189269747 1.00581222057 -0.343666169896 1.80312965723 -0.740834575261 1.29642324888 -0.863785394933 0.110134128167 0.502086438152 -0.395081967213 1.42682563338 1.40819672131 -1.78181818182 -1.14396423249 2.05946348733 1.4737704918 -1.34590163934 -1.93830104322 1.46482861401 0.632488822653 0.241281669151 0.268107302534 0.446199701937 0.156333830104 -0.125335320417 -0.00685543964232 -0.0754098360656 -0.749031296572 1.62131147541 -0.297466467958 -0.337704918033 0.692846497765 -1.0694485842 -1.95245901639 3.25842026826 
21 0.307269794517 7.5 14.72482 0.1342 0.4 0.803874813711 0.644411326379 -0.980029806259 1.77108792846 -0.291505216095 0.444709388972 0.0251862891207 3.39627421759 -0.609687034277 1.2695976155 -0.497913561848 0.977496274218 -0.325037257824 0.0490312965723 2.39776453055 -3.04485842027 5.47228017884 -5.21698956781 0.256184798808 0.239791356185 0.324739195231 -0.263189269747 1.00581222057 -0.343666169896 1.80312965723 -0.740834575261 1.29642324888 -0.863785394933 0.110134128167 0.502086438152 -0.395081967213 1.42682563338 1.40819672131 -1.78181818182 -1.14396423249 2.05946348733 1.4737704918 -1.34590163934 -1.93830104322 1.46482861401 0.632488822653 0.241281669151 0.268107302534 0.446199701937 0.156333830104 -0.125335320417 -0.00685543964232 -0.0754098360656 -0.749031296572 1.62131147541 -0.297466467958 -0.337704918033 0.692846497765 -1.0694485842 -1.95245901639 3.25842026826 
22 0.0228220271159 7.5 18.52296 0.19932 -1.67148304234 -0.972606863335 -1.37748344371 -3.09281557295 -0.950030102348 -1.60224764198 -1.24754164158 -1.87918924343 -0.368553080474 -2.69646799117 -0.382600842866 -3.77714228376 -0.0148504916717 -1.71011438892 -2.54093919326 0.2144290588 -4.79861529199 2.67579771222 -6.572145294 -1.69807344973 -1.7512542645 -2.04625727473 -1.37748344371 -1.17479430062 -2.25296006422 -2.02518563115 -1.3935380293 -1.30323098535 -2.21182018864 -2.23841059603 -1.46829219346 -2.52789484246 -0.588300220751 -0.8567128236 -3.11840256873 -2.44912703191 -0.741822195465 -1.05739514349 -3.06923540036 -3.98434677905 -0.690146498094 -2.22034918724 -0.778948424644 -1.96849287578 -1.59070840859 -1.87918924343 -2.59662853703 -2.69847481437 -2.24693959462 -2.90919125025 -1.22747340959 -2.52237607867 -2.97039935782 -1.50692354004 -2.67539634758 -2.94431065623 0.742223560104 
22 0.186368551178 7.5 18.52296 0.19932 -1.67148304234 -0.972606863335 -1.37748344371 -3.09281557295 -0.950030102348 -1.60224764198 -1.24754164158 -1.87918924343 -0.368553080474 -2.69646799117 -0.382600842866 -3.77714228376 -0.0148504916717 -1.71011438892 -2.54093919326 0.2144290588 -4.79861529199 2.67579771222 -6.572145294 -1.69807344973 -1.7512542645 -2.04625727473 -1.37748344371 -1.17479430062 -2.25296006422 -2.02518563115 -1.3935380293 -1.30323098535 -2.21182018864 -2.23841059603 -1.46829219346 -2.52789484246 -0.588300220751 -0.8567128236 -3.11840256873 -2.44912703191 -0.741822195465 -1.05739514349 -3.06923540036 -3.98434677905 -0.690146498094 -2.22034918724 -0.778948424644 -1.96849287578 -1.59070840859 -1.87918924343 -2.59662853703 -2.69847481437 -2.24693959462 -2.90919125025 -1.22747340959 -2.52237607867 -2.97039935782 -1.50692354004 -2.67539634758 -2.94431065623 0.742223560104 
23 0.0376271615466 7.5 18.74116 0.12443 -0.0302177931367 1.34645985695 1.2050148678 -2.72570923411 0.241420879209 1.91947279595 0.539580487021 -0.409547536768 -0.569476814273 -1.34420959576 1.88893353693 -5.20019287953 3.94068954432 1.00570601945 -2.64936108655 3.14184682151 -5.61327654103 7.354657237 -8.48718154786 0.390098850759 -0.659487261914 -0.00932251064858 -0.642610302982 -0.215864341397 -0.109780599534 -3.00377722414 2.24736799807 -0.538937555252 0.459214015913 -2.58988989793 0.787109218034 -1.50896086153 1.71534195933 0.626376275818 -1.6881780921 -0.317929759704 0.483323957245 -0.926303945994 -0.0937073053122 -4.00755444828 1.28457767419 -1.77095555734 2.51257735273 -0.341236036326 -0.822631198264 -0.091296311179 -3.50687133328 -3.55348388652 -1.15775938279 -3.00859921241 -0.140319858555 -2.20252350719 -3.13236357792 0.274371132364 -1.64156553886 -0.448927107611 3.01888612071 
23 0.113038240296 7.5 18.74116 0.12443 -0.0302177931367 1.34645985695 1.2050148678 -2.72570923411 0.241420879209 1.91947279595 0.539580487021 -0.409547536768 -0.569476814273 -1.34420959576 1.88893353693 -5.20019287953 3.94068954432 1.00570601945 -2.64936108655 3.14184682151 -5.61327654103 7.354657237 -8.48718154786 0.390098850759 -0.659487261914 -0.00932251064858 -0.642610302982 -0.215864341397 -0.109780599534 -3.00377722414 2.24736799807 -0.538937555252 0.459214015913 -2.58988989793 0.787109218034 -1.50896086153 1.71534195933 0.626376275818 -1.6881780921 -0.317929759704 0.483323957245 -0.926303945994 -0.0937073053122 -4.00755444828 1.28457767419 -1.77095555734 2.51257735273 -0.341236036326 -0.822631198264 -0.091296311179 -3.50687133328 -3.55348388652 -1.15775938279 -3.00859921241 -0.140319858555 -2.20252350719 -3.13236357792 0.274371132364 -1.64156553886 -0.448927107611 3.01888612071 
24 0.0620367015979 7.5 18.52208 0.18433 0.71730049368 1.72798784788 1.8858568871 -1.17821298758 0.626702110346 2.8607388922 0.938100146476 0.595779308848 -0.653067867412 0.141702381598 1.70954266804 -3.19253512722 3.87251125698 1.88043183421 -1.40660771443 2.95893234959 -3.13936960885 5.75825964303 -4.99039765638 1.32761894428 0.110237074811 1.13123202951 -0.280909238865 0.136277328704 1.13828459827 -2.02614875495 2.93017956925 -1.49937611892 1.62653935876 -1.64259751533 1.70900016275 -0.209298540661 1.8245537894 0.935387620029 0.239895838984 0.900124776217 0.806813866435 -0.621602560625 1.81587370477 -1.84603699886 1.4757228883 -0.616177507731 2.75766288721 0.771551022622 -0.292844355232 0.839364183801 -2.45581294418 -2.32940921174 -0.145825421798 -1.68111539088 0.478055661043 -1.01654641133 -1.54060652091 1.06179135247 -0.415450550643 1.10519177562 2.12130418272 
24 0.0685611584593 7.5 18.52208 0.18433 0.71730049368 1.72798784788 1.8858568871 -1.17821298758 0.626702110346 2.8607388922 0.938100146476 0.595779308848 -0.653067867412 0.141702381598 1.70954266804 -3.19253512722 3.87251125698 1.88043183421 -1.40660771443 2.95893234959 -3.13936960885 5.75825964303 -4.99039765638 1.32761894428 0.110237074811 1.13123202951 -0.280909238865 0.136277328704 1.13828459827 -2.02614875495 2.93017956925 -1.49937611892 1.62653935876 -1.64259751533 1.70900016275 -0.209298540661 1.8245537894 0.935387620029 0.239895838984 0.900124776217 0.806813866435 -0.621602560625 1.81587370477 -1.84603699886 1.4757228883 -0.616177507731 2.75766288721 0.771551022622 -0.292844355232 0.839364183801 -2.45581294418 -2.32940921174 -0.145825421798 -1.68111539088 0.478055661043 -1.01654641133 -1.54060652091 1.06179135247 -0.415450550643 1.10519177562 2.12130418272 
25 0.00848713760882 12.5 9e-05 7.667031e-06 -0.782571506493 -0.782571506493 -0.782571506493 -0.913000090909 -0.521714337662 -1.43471442857 -0.652142922078 0.260857168831 -1.43471442857 -0.391285753247 -1.6955715974 -3.3911431948 1.30428584416 -1.56514301299 -0.130428584416 0.130428584416 -1.56514301299 -0.521714337662 -1.17385725974 -2.34771451948 1.04342867532 -0.521714337662 -1.43471442857 -1.43471442857 -0.130428584416 -0.521714337662 -1.04342867532 -0.391285753247 -1.30428584416 -0.652142922078 -0.782571506493 -0.913000090909 -0.521714337662 -0.652142922078 -1.04342867532 -0.913000090909 -0.652142922078 -0.913000090909 -0.652142922078 -1.04342867532 -0.652142922078 -1.43471442857 0.0 -0.391285753247 -1.17385725974 -0.782571506493 -0.913000090909 -0.913000090909 -0.652142922078 -0.913000090909 -0.391285753247 -2.4781431039 1.30428584416 -1.04342867532 -1.04342867532 -0.782571506493 -1.04342867532 
25 1.39207649812 12.5 9e-05 7.667031e-06 -0.782571506493 -0.782571506493 -0.782571506493 -0.913000090909 -0.521714337662 -1.43471442857 -0.652142922078 0.260857168831 -1.43471442857 -0.391285753247 -1.6955715974 -3.3911431948 1.30428584416 -1.56514301299 -0.130428584416 0.130428584416 -1.56514301299 -0.521714337662 -1.17385725974 -2.34771451948 1.04342867532 -0.521714337662 -1.43471442857 -1.43471442857 -0.130428584416 -0.521714337662 -1.04342867532 -0.391285753247 -1.30428584416 -0.652142922078 -0.782571506493 -0.913000090909 -0.521714337662 -0.652142922078 -1.04342867532 -0.913000090909 -0.652142922078 -0.913000090909 -0.652142922078 -1.04342867532 -0.652142922078 -1.43471442857 0.0 -0.391285753247 -1.17385725974 -0.782571506493 -0.913000090909 -0.913000090909 -0.652142922078 -0.913000090909 -0.391285753247 -2.4781431039 1.30428584416 -1.04342867532 -1.04342867532 -0.782571506493 -1.04342867532 
26 0.013992924303 12.5 0.51351 0.005808 0.246384297521 0.25120523416 0.98226584022 -0.708333333333 1.09796831956 -2.99896694215 1.10795454545 -0.092458677686 2.12121212121 -0.607093663912 0.300964187328 -2.89462809917 1.94421487603 -2.03185261708 1.55871212121 1.9960399449 -2.54648760331 4.07937327824 -4.04493801653 -3.9960399449 4.64462809917 1.62258953168 -2.34314738292 -0.683884297521 1.3064738292 1.51325757576 -0.80303030303 1.27720385675 -1.23880853994 0.27238292011 0.224173553719 -0.572486225895 1.25981404959 1.11621900826 -1.70179063361 -1.13636363636 1.6289600551 0.478305785124 -0.339015151515 -1.45609504132 1.00482093664 -0.340048209366 0.807506887052 0.227100550964 0.176480716253 -0.319042699725 -0.342803030303 -0.869318181818 1.10451101928 -1.01342975207 1.81422176309 -0.924070247934 0.501033057851 0.22641184573 -0.825068870523 -1.50223829201 2.06026170799 
26 0.844337076772 12.5 0.51351 0.005808 0.246384297521 0.25120523416 0.98226584022 -0.708333333333 1.09796831956 -2.99896694215 1.10795454545 -0.092458677686 2.12121212121 -0.607093663912 0.300964187328 -2.89462809917 1.94421487603 -2.03185261708 1.55871212121 1.9960399449 -2.54648760331 4.07937327824 -4.04493801653 -3.9960399449 4.64462809917 1.62258953168 -2.34314738292 -0.683884297521 1.3064738292 1.51325757576 -0.80303030303 1.27720385675 -1.23880853994 0.27238292011 0.224173553719 -0.572486225895 1.25981404959 1.11621900826 -1.70179063361 -1.13636363636 1.6289600551 0.478305785124 -0.339015151515 -1.45609504132 1.00482093664 -0.340048209366 0.807506887052 0.227100550964 0.176480716253 -0.319042699725 -0.342803030303 -0.869318181818 1.10451101928 -1.01342975207 1.81422176309 -0.924070247934 0.501033057851 0.22641184573 -0.825068870523 -1.50223829201 2.06026170799 
27 0.0230704319377 12.5 5.16165 0.036226 -0.335670512891 -0.0723237453763 -0.0121459725059 -2.54292497102 0.891348755038 -2.23347871694 -0.452437475846 -0.681278639651 1.52514768398 -1.82962513112 0.468172031138 -3.00723237454 1.22177441617 -1.69822779219 -0.081985314415 2.31077126925 -4.88792579915 6.17567492961 -7.68895268592 -3.21454204163 2.28261469663 0.0557610555954 -1.81527079998 0.148512118368 0.0187710484183 -1.1513829846 0.296472147077 0.489703527853 -1.5690388119 -0.735659471098 -0.206481532601 -1.96626732181 1.75095235466 0.237122508695 -1.66206591951 -2.33782366256 1.74487936841 0.918125103517 -2.11781593331 -3.3752001325 1.14144537073 -1.52790813228 1.00977198697 -0.303373267819 -0.541876000663 -0.674101474079 -2.51780489151 -2.34168829018 -0.0226356760338 -2.79992270745 1.51051730801 -0.38894716502 -1.66565450229 -0.0979959145365 -1.8666151383 -2.22050460995 2.19151990283 
27 0.512116324195 12.5 5.16165 0.036226 -0.335670512891 -0.0723237453763 -0.0121459725059 -2.54292497102 0.891348755038 -2.23347871694 -0.452437475846 -0.681278639651 1.52514768398 -1.82962513112 0.468172031138 -3.00723237454 1.22177441617 -1.69822779219 -0.081985314415 2.31077126925 -4.88792579915 6.17567492961 -7.68895268592 -3.21454204163 2.28261469663 0.0557610555954 -1.81527079998 0.148512118368 0.0187710484183 -1.1513829846 0.296472147077 0.489703527853 -1.5690388119 -0.735659471098 -0.206481532601 -1.96626732181 1.75095235466 0.237122508695 -1.66206591951 -2.33782366256 1.74487936841 0.918125103517 -2.11781593331 -3.3752001325 1.14144537073 -1.52790813228 1.00977198697 -0.303373267819 -0.541876000663 -0.674101474079 -2.51780489151 -2.34168829018 -0.0226356760338 -2.79992270745 1.51051730801 -0.38894716502 -1.66565450229 -0.0979959145365 -1.8666151383 -2.22050460995 2.19151990283 
28 0.0380367118599 12.5 11.96859 0.079677 0.50842777715 1.12592090566 0.684137203961 -2.13223389435 1.34179248717 -5.50208968711 -0.0626278599847 1.15604252168 -2.40207337124 -0.685141257828 1.28405938979 -4.01357982856 3.56577180366 1.02551551891 -0.960001004054 4.03642205404 -5.08289719743 7.1502441106 -7.13995255845 -0.598541611757 1.2627232451 -0.0588626579816 0.285025791634 -0.252143027473 1.05689220227 -2.38701256322 2.84285301906 0.423083198414 0.504662575147 -1.63146202794 1.18741920504 -1.19344352825 2.61066556221 0.608833163899 0.119356903498 -0.665060180479 1.80365726621 1.89402211429 -1.37919349373 -3.38479109404 2.44374160674 -1.93267818818 3.4979981676 0.721789223992 -0.0475670519723 0.814664206735 -2.37446188988 -2.38952269789 0.367860235702 -2.16863084704 1.80365726621 0.0741744794608 -1.42061071576 0.92259999749 -0.850810145964 -0.540808514377 2.37471290335 
28 0.310614251963 12.5 11.96859 0.079677 0.50842777715 1.12592090566 0.684137203961 -2.13223389435 1.34179248717 -5.50208968711 -0.0626278599847 1.15604252168 -2.40207337124 -0.685141257828 1.28405938979 -4.01357982856 3.56577180366 1.02551551891 -0.960001004054 4.03642205404 -5.08289719743 7.1502441106 -7.13995255845 -0.598541611757 1.2627232451 -0.0588626579816 0.285025791634 -0.252143027473 1.05689220227 -2.38701256322 2.84285301906 0.423083198414 0.504662575147 -1.63146202794 1.18741920504 -1.19344352825 2.61066556221 0.608833163899 0.119356903498 -0.665060180479 1.80365726621 1.89402211429 -1.37919349373 -3.38479109404 2.44374160674 -1.93267818818 3.4979981676 0.721789223992 -0.0475670519723 0.814664206735 -2.37446188988 -2.38952269789 0.367860235702 -2.16863084704 1.80365726621 0.0741744794608 -1.42061071576 0.92259999749 -0.850810145964 -0.540808514377 2.37471290335 
29 0.0627119359109 12.5 15.29931 0.105579 -0.363803407875 0.304890177024 1.04840924805 -2.94196762614 0.108828460205 1.75404199699 -0.814650640752 0.551151270613 -3.86260525294 -0.844012540373 0.608927911801 -5.95298307429 3.53943492551 2.10449047633 -3.42122960058 3.39925553377 -6.19829700982 5.44985271692 -7.11609316247 -0.539027647544 -0.399795413861 -0.339177298516 -1.4009414751 -1.82905691473 0.94327470425 -2.68055200371 1.48031331988 -1.34221767586 0.973583761922 -4.51330283484 1.09576715066 -1.25602629311 0.787940783679 0.546415480351 -2.37651426894 0.971689445818 -1.46534822266 -0.0957576790839 -0.967143087167 -4.83912520482 1.87527822768 -3.44585570994 3.58489851201 -0.819386431014 -0.208469487303 0.624082440637 -1.94745167126 -3.58035215336 -0.626166188352 -2.19655423901 -0.00388334801429 -1.48902717396 -2.69760084865 -0.0872332566135 -1.45871811629 -0.652686613815 2.39621515642 
29 0.188397067159 12.5 15.29931 0.105579 -0.363803407875 0.304890177024 1.04840924805 -2.94196762614 0.108828460205 1.75404199699 -0.814650640752 0.551151270613 -3.86260525294 -0.844012540373 0.608927911801 -5.95298307429 3.53943492551 2.10449047633 -3.42122960058 3.39925553377 -6.19829700982 5.44985271692 -7.11609316247 -0.539027647544 -0.399795413861 -0.339177298516 -1.4009414751 -1.82905691473 0.94327470425 -2.68055200371 1.48031331988 -1.34221767586 0.973583761922 -4.51330283484 1.09576715066 -1.25602629311 0.787940783679 0.546415480351 -2.37651426894 0.971689445818 -1.46534822266 -0.0957576790839 -0.967143087167 -4.83912520482 1.87527822768 -3.44585570994 3.58489851201 -0.819386431014 -0.208469487303 0.624082440637 -1.94745167126 -3.58035215336 -0.626166188352 -2.19655423901 -0.00388334801429 -1.48902717396 -2.69760084865 -0.0872332566135 -1.45871811629 -0.652686613815 2.39621515642 
30 0.103394502663 12.5 15.49909 0.165229 0.530233796731 0.881866984609 2.17219737455 -1.21098596493 0.74508712151 2.67574094136 0.23912267217 0.972044858953 -2.50494767868 0.475763939744 1.32549370873 -3.29415538435 3.23557002705 2.88333161854 -2.09400286875 2.94627456439 -3.36799230159 4.08832589921 -3.62763195323 0.619806450442 0.380744300335 1.01925206834 -1.72966004757 -0.623316730114 1.65473373318 -0.22508155348 1.11911347282 -0.489562970181 1.88290191189 -2.90318285531 1.78061962488 0.28088289586 1.02469905404 1.69528351561 -2.09460808938 2.70237064922 -1.43189149604 0.049083393351 0.868552130679 -2.66472592584 2.09715001604 -1.60316893524 3.3166695919 -0.265631335904 1.15179538701 1.19416083133 0.314775251318 -1.63948217323 0.266357600663 -0.22689721538 0.326879663982 -0.523455325639 -1.16256831428 0.50723541267 -0.162138607629 0.475763939744 3.20772987793 
30 0.114268597432 12.5 15.49909 0.165229 0.530233796731 0.881866984609 2.17219737455 -1.21098596493 0.74508712151 2.67574094136 0.23912267217 0.972044858953 -2.50494767868 0.475763939744 1.32549370873 -3.29415538435 3.23557002705 2.88333161854 -2.09400286875 2.94627456439 -3.36799230159 4.08832589921 -3.62763195323 0.619806450442 0.380744300335 1.01925206834 -1.72966004757 -0.623316730114 1.65473373318 -0.22508155348 1.11911347282 -0.489562970181 1.88290191189 -2.90318285531 1.78061962488 0.28088289586 1.02469905404 1.69528351561 -2.09460808938 2.70237064922 -1.43189149604 0.049083393351 0.868552130679 -2.66472592584 2.09715001604 -1.60316893524 3.3166695919 -0.265631335904 1.15179538701 1.19416083133 0.314775251318 -1.63948217323 0.266357600663 -0.22689721538 0.326879663982 -0.523455325639 -1.16256831428 0.50723541267 -0.162138607629 0.475763939744 3.20772987793 
